1869696594
1869160721
1869703476
1569994609
1737071713
2207454491
1234151677
1870094231
1870218538
2208630956
1870197647
2207352929
1862559747
1870109858
1870159898
2207450875
2208818124
2207875188
1867765072
2207691391
995722611
1786481383
514915335
2207859712
1583248283
1224653913
1633371058
2209077475
1679302984
1871672306
2203501536
2206893921
1121658998
2211036993
1866882984
1576394888
2224885177
1809230921
2225004519
2221476044
2207368511
1693073788
1312567939
1869696594
2222953531
2224590544
2224705931
2224771997
